
Starting Plot N(false) vs rel_1iability
0.05   16.8348947323   0.005
0.1   14.3474675237   0.01
0.15   12.7191547672   0.015
0.2   11.8447345311   0.02
0.25   11.232376735   0.025
0.3   10.7192982445   0.03
0.35   10.2091426267   0.035
0.4   9.70133377637   0.04
0.45   9.35402386648   0.045
0.5   9.19706732703   0.05
0.55   8.97851794476   0.055
0.6   8.79214696216   0.06
0.65   8.42135121338   0.065
0.7   8.08324479951   0.07
0.75   7.99160214845   0.075
0.8   7.80928963682   0.08
0.85   7.68828357752   0.085
0.9   7.47751643784   0.09
0.95   7.23823437637   0.095
1.0   7.14902745415   0.1
1.05   6.97175708523   0.105
1.1   6.82472894212   0.11
1.15   6.73696101605   0.115
1.2   6.56230921945   0.12
1.25   6.41765076869   0.125
1.3   6.36025464499   0.13
1.35   6.24587146246   0.135
1.4   6.24587146246   0.14
1.45   6.18943960468   0.145
1.5   6.04907377548   0.15
1.55   5.99329908174   0.155
1.6   5.85439293322   0.16
1.65   5.71632776783   0.165
1.7   5.63403426042   0.17
1.75   5.55229866289   0.175
1.8   5.49805186134   0.18
1.85   5.36335018464   0.185
1.9   5.25617023566   0.19
1.95   5.14965351671   0.195
2.0   5.01755410939   0.2
2.05   4.93879612376   0.205
2.1   4.83440889436   0.21
2.15   4.80848294262   0.215
2.2   4.7827022262   0.22
2.25   4.75711752268   0.225
2.3   4.65543627182   0.23
2.35   4.63022157554   0.235
2.4   4.52970405603   0.24
2.45   4.43003358223   0.245
2.5   4.25640952034   0.25
2.55   4.18233501994   0.255
2.6   4.03530822986   0.26
2.65   3.93817322093   0.265
2.7   3.7691411408   0.27
2.75   3.74509809657   0.275
2.8   3.673659885   0.28
2.85   3.62637890191   0.285
2.9   3.55592116513   0.29
2.95   3.48586630501   0.295
3.0   3.46276114921   0.3
3.05   3.41678874176   0.305
3.1   3.37118004591   0.31
3.15   3.37118004591   0.315
3.2   3.32617373863   0.32
3.25   3.30381067937   0.325
3.3   3.28164104707   0.33
3.35   3.215627112   0.335
3.4   3.19383462525   0.34
3.45   3.15043811592   0.345
3.5   3.128857003   0.35
3.55   3.10746491533   0.355
3.6   3.02274136309   0.36
3.65   2.98074333065   0.365
3.7   2.95985159723   0.37
3.75   2.877061629   0.375
3.8   2.877061629   0.38
3.85   2.85679067841   0.385
3.9   2.77590590633   0.39
3.95   2.73588275962   0.395
4.0   2.71604849483   0.4
4.05   2.69640358711   0.405
4.1   2.6574360851   0.41
4.15   2.63800627053   0.415
4.2   2.59968660603   0.42
4.25   2.56158175339   0.425
4.3   2.54278986661   0.43
4.35   2.50542590679   0.435
4.4   2.43120437854   0.44
4.45   2.35779904097   0.445
4.5   2.33966365857   0.45
4.55   2.28543333174   0.455
4.6   2.23177243926   0.46
4.65   2.17869755844   0.465
4.7   2.16106520834   0.47
4.75   2.14364979522   0.475
4.8   2.12638379746   0.48
4.85   2.07522409403   0.485
4.9   2.07522409403   0.49
4.95   2.0585569975   0.495
5.0   2.02533202805   0.5
5.05   2.02533202805   0.505
5.1   1.97673473754   0.51
5.15   1.96073210089   0.515
5.2   1.96073210089   0.52
5.25   1.92921271579   0.525
5.3   1.92921271579   0.53
5.35   1.91376448741   0.535
5.4   1.91376448741   0.54
5.45   1.86853392067   0.545
5.5   1.82377265705   0.55
5.55   1.80896701252   0.555
5.6   1.80896701252   0.56
5.65   1.78005915353   0.565
5.7   1.76587357785   0.57
5.75   1.75178498316   0.575
5.8   1.72392209051   0.58
5.85   1.72392209051   0.585
5.9   1.68326815583   0.59
5.95   1.68326815583   0.595
6.0   1.68326815583   0.6
6.05   1.67010275458   0.605
6.1   1.65718460148   0.61
6.15   1.60618530821   0.615
6.2   1.59363233128   0.62
6.25   1.55643259407   0.625
6.3   1.53182185864   0.63
6.35   1.53182185864   0.635
6.4   1.51980659562   0.64
6.45   1.5080764265   0.645
6.5   1.48484565923   0.65
6.55   1.48484565923   0.655
6.6   1.46228736536   0.66
6.65   1.45115452123   0.665
6.7   1.42926921691   0.67
6.75   1.42926921691   0.675
6.8   1.41866346028   0.68
6.85   1.39769896358   0.685
6.9   1.39769896358   0.69
6.95   1.38751134667   0.695
7.0   1.36757207973   0.7
7.05   1.3577903767   0.705
7.1   1.3385376091   0.71
7.15   1.32907421658   0.715
7.2   1.31048554291   0.72
7.25   1.27389611836   0.725
7.3   1.22917598022   0.73
7.35   1.19376328372   0.735
7.4   1.16766608982   0.74
7.45   1.13377911496   0.745
7.5   1.08397854759   0.75
7.55   1.04314424209   0.755
7.6   1.02726671272   0.76
7.65   1.01163910883   0.765
7.7   0.996357941859   0.77
7.75   0.981322302274   0.775
7.8   0.959310896638   0.78
7.85   0.952137351417   0.785
7.9   0.91717629588   0.79
7.95   0.883010226632   0.795
8.0   0.876384701318   0.8
8.05   0.843570975115   0.805
8.1   0.824514828016   0.81
8.15   0.787660741299   0.815
8.2   0.763652780587   0.82
8.25   0.740236279796   0.825
8.3   0.734561273204   0.83
8.35   0.718089228576   0.835
8.4   0.696624922973   0.84
8.45   0.670552454351   0.845
8.5   0.65546355178   0.85
8.55   0.640916496341   0.855
8.6   0.631532499769   0.86
8.65   0.613333139717   0.865
8.7   0.595941354252   0.87
8.75   0.57082999644   0.875
8.8   0.546763968161   0.88
8.85   0.523522456526   0.885
8.9   0.512408932498   0.89
8.95   0.484269966381   0.895
9.0   0.460733317963   0.9
9.05   0.444661879334   0.905
9.1   0.417178432432   0.91
9.15   0.402713869347   0.915
9.2   0.386492313546   0.92
9.25   0.348239916216   0.925
9.3   0.324339789881   0.93
9.35   0.301924377093   0.935
9.4   0.279849368523   0.94
9.45   0.260876414568   0.945
9.5   0.252247379763   0.95
9.55   0.230381329268   0.955
9.6   0.213782973006   0.96
9.65   0.192630361173   0.965
9.7   0.172185173566   0.97
9.75   0.156941654318   0.975
9.8   0.135375339914   0.98
9.85   0.115576926203   0.985
9.9   0.084630639354   0.99
9.95   0.0530971313118   0.995
[] 

[0.005, 0.01, 0.015, 0.02, 0.025, 0.03, 0.035, 0.04, 0.045, 0.05, 0.055, 0.06, 0.065, 0.07, 0.075, 0.08, 0.085, 0.09, 0.095, 0.1, 0.105, 0.11, 0.115, 0.12, 0.125, 0.13, 0.135, 0.14, 0.145, 0.15, 0.155, 0.16, 0.165, 0.17, 0.175, 0.18, 0.185, 0.19, 0.195, 0.2, 0.205, 0.21, 0.215, 0.22, 0.225, 0.23, 0.235, 0.24, 0.245, 0.25, 0.255, 0.26, 0.265, 0.27, 0.275, 0.28, 0.285, 0.29, 0.295, 0.3, 0.305, 0.31, 0.315, 0.32, 0.325, 0.33, 0.335, 0.34, 0.345, 0.35, 0.355, 0.36, 0.365, 0.37, 0.375, 0.38, 0.385, 0.39, 0.395, 0.4, 0.405, 0.41, 0.415, 0.42, 0.425, 0.43, 0.435, 0.44, 0.445, 0.45, 0.455, 0.46, 0.465, 0.47, 0.475, 0.48, 0.485, 0.49, 0.495, 0.5, 0.505, 0.51, 0.515, 0.52, 0.525, 0.53, 0.535, 0.54, 0.545, 0.55, 0.555, 0.56, 0.565, 0.57, 0.575, 0.58, 0.585, 0.59, 0.595, 0.6, 0.605, 0.61, 0.615, 0.62, 0.625, 0.63, 0.635, 0.64, 0.645, 0.65, 0.655, 0.66, 0.665, 0.67, 0.675, 0.68, 0.685, 0.69, 0.695, 0.7, 0.705, 0.71, 0.715, 0.72, 0.725, 0.73, 0.735, 0.74, 0.745, 0.75, 0.755, 0.76, 0.765, 0.77, 0.775, 0.78, 0.785, 0.79, 0.795, 0.8, 0.805, 0.81, 0.815, 0.82, 0.825, 0.83, 0.835, 0.84, 0.845, 0.85, 0.855, 0.86, 0.865, 0.87, 0.875, 0.88, 0.885, 0.89, 0.895, 0.9, 0.905, 0.91, 0.915, 0.92, 0.925, 0.93, 0.935, 0.94, 0.945, 0.95, 0.955, 0.96, 0.965, 0.97, 0.975, 0.98, 0.985, 0.99, 0.995] 

0   139.912039751   0.0
0.05   26.7479609573   0.005
0.1   22.7934667554   0.01
0.15   21.2762802843   0.015
0.2   19.6731377087   0.02
0.25   18.8288226302   0.025
0.3   18.082400887   0.03
0.35   17.1074612777   0.035
0.4   16.2759619373   0.04
0.45   15.6787744261   0.045
0.5   15.2216501253   0.05
0.55   14.7673023922   0.055
0.6   14.3602367845   0.06
0.65   13.8204642697   0.065
0.7   13.5073154179   0.07
0.75   12.9731052017   0.075
0.8   12.7516280905   0.08
0.85   12.5315486853   0.085
0.9   12.4440934204   0.09
0.95   12.139639718   0.095
1.0   11.966370784   0.1
1.05   11.8370147833   0.105
1.1   11.5798420277   0.11
1.15   11.4518943623   0.115
1.2   11.2823562494   0.12
1.25   11.0716598739   0.125
1.3   10.8202167198   0.13
1.35   10.4869904499   0.135
1.4   10.1972269132   0.14
1.45   9.90895825643   0.145
1.5   9.58147601502   0.15
1.55   9.37802693153   0.155
1.6   9.09505086703   0.16
1.65   8.93423692346   0.165
1.7   8.61456145326   0.17
1.75   8.61456145326   0.175
1.8   8.53579151243   0.18
1.85   8.33971188738   0.185
1.9   8.26185535806   0.19
1.95   8.06828386161   0.195
2.0   7.95275970106   0.2
2.05   7.76139304707   0.205
2.1   7.72346475701   0.21
2.15   7.45891132908   0.215
2.2   7.27093757279   0.22
2.25   7.19632367063   0.225
2.3   7.15936140926   0.23
2.35   7.04870062442   0.235
2.4   6.93874456478   0.24
2.45   6.82969276804   0.245
2.5   6.79361528546   0.25
2.55   6.68597352471   0.255
2.6   6.54361503978   0.26
2.65   6.47287368666   0.265
2.7   6.47287368666   0.27
2.75   6.4378500894   0.275
2.8   6.40321947639   0.28
2.85   6.29978256075   0.285
2.9   6.19731448608   0.29
2.95   6.12947451555   0.295
3.0   6.09570070417   0.3
3.05   6.02885670417   0.305
3.1   6.02885670417   0.31
3.15   5.96308791396   0.315
3.2   5.83211348153   0.32
3.25   5.79965779981   0.325
3.3   5.73504647414   0.33
3.35   5.67080498805   0.335
3.4   5.51199782845   0.34
3.45   5.38568013594   0.345
3.5   5.29182493824   0.35
3.55   5.22964943253   0.355
3.6   5.1681001892   0.36
3.65   5.07650651027   0.365
3.7   5.07650651027   0.37
3.75   5.04645840058   0.375
3.8   4.98667586703   0.38
3.85   4.98667586703   0.385
3.9   4.86924593762   0.39
3.95   4.81092831248   0.395
4.0   4.75302932409   0.4
4.05   4.60982786727   0.405
4.1   4.55291862994   0.41
4.15   4.49647123916   0.415
4.2   4.49647123916   0.42
4.25   4.46881877466   0.425
4.3   4.41389105638   0.43
4.35   4.35953431012   0.435
4.4   4.19771204496   0.44
4.45   4.19771204496   0.445
4.5   4.17120078455   0.45
4.55   4.14482923474   0.455
4.6   4.09268007202   0.46
4.65   4.06685063892   0.465
4.7   3.99008373354   0.47
4.75   3.88885123858   0.475
4.8   3.88885123858   0.48
4.85   3.81448951435   0.485
4.9   3.78981236209   0.49
4.95   3.74100205787   0.495
5.0   3.64452870912   0.5
5.05   3.57289666996   0.505
5.1   3.50210914827   0.51
5.15   3.45513136454   0.515
5.2   3.43203323992   0.52
5.25   3.40912663369   0.525
5.3   3.34129086228   0.53
5.35   3.31880671915   0.535
5.4   3.31880671915   0.54
5.45   3.31880671915   0.545
5.5   3.27524715331   0.55
5.55   3.25386288037   0.555
5.6   3.19024989045   0.56
5.65   3.14815675038   0.565
5.7   3.12729357788   0.57
5.75   3.04551099549   0.575
5.8   2.98469051483   0.58
5.85   2.9447274785   0.585
5.9   2.90504345374   0.59
5.95   2.86596485441   0.595
6.0   2.82752517097   0.6
6.05   2.7703077501   0.605
6.1   2.75141664635   0.61
6.15   2.71432338628   0.615
6.2   2.69585837582   0.62
6.25   2.65973156881   0.625
6.3   2.64178717399   0.63
6.35   2.6242596715   0.635
6.4   2.51992650533   0.64
6.45   2.48563180566   0.645
6.5   2.43498943306   0.65
6.55   2.41823408061   0.655
6.6   2.3360800881   0.66
6.65   2.30373777375   0.665
6.7   2.27184167625   0.67
6.75   2.22474465226   0.675
6.8   2.1937820013   0.68
6.85   2.1022454142   0.685
6.9   2.08735723181   0.69
6.95   2.07259082682   0.695
7.0   2.04352357634   0.7
7.05   2.02928585259   0.705
7.1   2.01536804045   0.71
7.15   1.96005345921   0.715
7.2   1.93291820235   0.72
7.25   1.93291820235   0.725
7.3   1.90685904386   0.73
7.35   1.88123409458   0.735
7.4   1.86854883973   0.74
7.45   1.83174717553   0.745
7.5   1.80738376176   0.75
7.55   1.79547172011   0.755
7.6   1.76041489813   0.76
7.65   1.69203379563   0.765
7.7   1.65864451492   0.77
7.75   1.61514353114   0.775
7.8   1.60453097582   0.78
7.85   1.55231280178   0.785
7.9   1.49126552582   0.79
7.95   1.47141483508   0.795
8.0   1.40341002869   0.8
8.05   1.35630302011   0.805
8.1   1.31052910048   0.81
8.15   1.2743726977   0.815
8.2   1.2481838666   0.82
8.25   1.2481838666   0.825
8.3   1.2234928249   0.83
8.35   1.18314776416   0.835
8.4   1.11302164635   0.84
8.45   1.05233624587   0.845
8.5   1.03034691521   0.85
8.55   0.95957913642   0.855
8.6   0.911353220537   0.86
8.65   0.832108933397   0.865
8.7   0.806808120202   0.87
8.75   0.770118271065   0.875
8.8   0.722900932774   0.88
8.85   0.694806781382   0.885
8.9   0.673140266651   0.89
8.95   0.673140266651   0.895
9.0   0.663412231526   0.9
9.05   0.630672951056   0.905
9.1   0.599682151679   0.91
9.15   0.574489582102   0.915
9.2   0.562710399328   0.92
9.25   0.540512319434   0.925
9.3   0.509071654559   0.93
9.35   0.489474840115   0.935
9.4   0.456442171881   0.94
9.45   0.426081897841   0.945
9.5   0.403455253839   0.95
9.55   0.367304654463   0.955
9.6   0.334594500864   0.96
9.65   0.295126195154   0.965
9.7   0.262422844002   0.97
9.75   0.242802169242   0.975
9.8   0.209707320154   0.98
9.85   0.173107881766   0.985
9.9   0.132308222121   0.99
9.95   0.0786441193858   0.995
[510.770706178, 435.302164668, 385.899155637, 359.369245675, 340.790310141, 325.223508739, 309.745387295, 294.338466775, 283.801084109, 279.039022702, 272.408234444, 266.753738832, 255.503795814, 245.245647217, 242.465209184, 236.933847581, 233.262523742, 226.867848724, 219.608030979, 216.901492959, 211.523109966, 207.062276104, 204.399397227, 199.100461718, 194.711524322, 192.970125929, 189.499740171, 189.499740171, 187.787597606, 183.528898348, 181.83669414, 177.622281594, 173.433384476, 170.936599461, 168.456741432, 166.810893473, 162.724044602, 159.47220495, 156.240487697, 152.232591679, 149.843074395, 146.675965855, 145.889372479, 145.107185543, 144.330945638, 141.245936487, 140.480922602, 137.43122106, 134.407218885, 129.139464847, 126.892044505, 122.431251694, 119.484175523, 114.355742212, 113.62627625, 111.458840911, 110.024335884, 107.88664815, 105.761183694, 105.060173267, 103.665370425, 102.281602593, 102.281602593, 100.91611123, 100.237616012, 99.564989368, 97.562126578, 96.90094253, 95.584292437, 94.929521471, 94.280485531, 91.709972956, 90.435752652, 89.80189746, 87.290049824, 87.290049824, 86.675029183, 84.220985198, 83.006682927, 82.404911333, 81.808884833, 80.626610822, 80.037110248, 78.874491627, 77.718390398, 77.148244553, 76.014622012, 73.762740845, 71.535622903, 70.985395401, 69.340047285, 67.711975807, 66.101683923, 65.566718421, 65.038334787, 64.514484415, 62.962299013, 62.962299013, 62.456619304, 61.448573731, 61.448573731, 59.974131937, 59.488611941, 59.488611941, 58.532313797, 58.532313797, 58.063614548, 58.063614548, 56.691319153, 55.333262415, 54.88405916, 54.88405916, 54.006994718, 53.576604352, 53.149156389, 52.303796226, 52.303796226, 51.070355848, 51.070355848, 51.070355848, 50.670917574, 50.278980809, 48.731662251, 48.350804931, 47.222164904, 46.475475191, 46.475475191, 46.110932111, 45.75503878, 45.050217301, 45.050217301, 44.365798665, 44.028028174, 43.364028041, 43.364028041, 43.042249385, 42.406186555, 42.406186555, 42.097094258, 41.492136899, 41.195360029, 40.61123106, 40.324111731, 39.760131372, 38.650008231, 37.29319924, 36.218778028, 35.426989165, 34.398858348, 32.887909134, 31.648996305, 31.167272064, 30.693130562, 30.229499956, 29.773318651, 29.105492604, 28.887847242, 27.827128817, 26.790530276, 26.589511838, 25.593943385, 25.015779882, 23.897626891, 23.169225363, 22.458768729, 22.286589029, 21.786827195, 21.135600163, 20.344561465, 19.886764161, 19.445406499, 19.160696043, 18.608527459, 18.080860688, 17.318982092, 16.588818794, 15.883671331, 15.546487012, 14.69275078, 13.978648867, 13.491041419, 12.65719364, 12.218338796, 11.726176793, 10.565599058, 9.840469225, 9.160385601, 8.490629841, 7.914990418, 7.653185502, 6.98976953, 6.486175401, 5.844405158, 5.224098166, 4.761609792, 4.107287813, 3.506603941, 2.567693598, 1.610966964, 2915.766908402, 557.427506351, 475.015847182, 443.397681125, 409.98818985, 392.392663613, 376.837234486, 356.519493027, 339.191046773, 326.74565904, 317.219188612, 307.750581853, 299.267334589, 288.018475381, 281.49245331, 270.359512404, 265.743929406, 261.157474602, 259.334906882, 252.990091724, 249.379167139, 246.683388083, 241.323907857, 238.657478511, 235.124304238, 230.733391772, 225.493316441, 218.548880975, 212.510208871, 206.502690064, 199.677960153, 195.438081253, 189.540860069, 186.189497485, 179.527460686, 179.527460686, 177.885895119, 173.799595733, 172.177065662, 168.143035676, 165.73551217, 161.747431101, 160.957005536, 155.443712098, 151.526339017, 149.971385296, 149.201091769, 146.894921013, 144.60343673, 142.330797286, 141.578942549, 139.335688255, 136.368937429, 134.89468763, 134.89468763, 134.164795863, 133.443093888, 131.287468566, 129.15203389, 127.738248904, 127.034402675, 125.641373715, 125.641373715, 124.270752127, 121.541244955, 120.864868548, 119.518368521, 118.179575951, 114.870034745, 112.237574033, 110.281631713, 108.985894174, 107.703207943, 105.794395674, 105.794395674, 105.168193068, 103.922325069, 103.922325069, 101.47508534, 100.259746032, 99.053131114, 96.068812754, 94.882824248, 93.706460624, 93.706460624, 93.130183264, 91.985489615, 90.852695023, 87.480319017, 87.480319017, 86.92782435, 86.378241252, 85.291452701, 84.753167315, 83.153345007, 81.043659812, 81.043659812, 79.493961479, 78.979689626, 77.962482886, 75.951978298, 74.459166602, 72.98395465, 72.004937637, 71.52357272, 71.046199046, 69.63250157, 69.163932027, 69.163932027, 69.163932027, 68.256150675, 67.810502427, 66.484807717, 65.607586678, 65.172798163, 63.468449146, 62.200950329, 61.368120652, 60.541105576, 59.726707566, 58.925624563, 57.733213512, 57.33952291, 56.56649937, 56.181688552, 55.428805894, 55.054844706, 54.689571554, 52.515268371, 51.80056683, 50.745179785, 50.39599824, 48.683909036, 48.009895205, 47.345180533, 46.363678553, 45.718416907, 43.810794432, 43.500524711, 43.192792831, 42.587031331, 42.290317168, 42.000269963, 40.84751409, 40.282015337, 40.282015337, 39.738942474, 39.204918531, 38.94055782, 38.173611138, 37.665877595, 37.417630647, 36.687046477, 35.261984301, 34.566151691, 33.659591189, 33.438425536, 32.350198789, 31.077973558, 30.664285163, 29.247064998, 28.265354939, 27.311426454, 26.55792702, 26.01215178, 26.01215178, 25.497590471, 24.656799405, 23.19537111, 21.930687364, 21.472429713, 19.997629203, 18.992601116, 17.341150172, 16.813881225, 16.049264769, 15.065255439, 14.479773324, 14.028243157, 14.028243157, 13.825510905, 13.1432243, 12.497376041, 11.972362891, 11.726884722, 11.264276737, 10.609053281, 10.200655668, 9.512254862, 8.879546751, 8.40800749, 7.654628999, 6.972949398, 6.150429907, 5.468892069, 5.059997207, 4.370300552, 3.607568256, 2.757303349, 1.638943448] 

[0.0, 0.005, 0.01, 0.015, 0.02, 0.025, 0.03, 0.035, 0.04, 0.045, 0.05, 0.055, 0.06, 0.065, 0.07, 0.075, 0.08, 0.085, 0.09, 0.095, 0.1, 0.105, 0.11, 0.115, 0.12, 0.125, 0.13, 0.135, 0.14, 0.145, 0.15, 0.155, 0.16, 0.165, 0.17, 0.175, 0.18, 0.185, 0.19, 0.195, 0.2, 0.205, 0.21, 0.215, 0.22, 0.225, 0.23, 0.235, 0.24, 0.245, 0.25, 0.255, 0.26, 0.265, 0.27, 0.275, 0.28, 0.285, 0.29, 0.295, 0.3, 0.305, 0.31, 0.315, 0.32, 0.325, 0.33, 0.335, 0.34, 0.345, 0.35, 0.355, 0.36, 0.365, 0.37, 0.375, 0.38, 0.385, 0.39, 0.395, 0.4, 0.405, 0.41, 0.415, 0.42, 0.425, 0.43, 0.435, 0.44, 0.445, 0.45, 0.455, 0.46, 0.465, 0.47, 0.475, 0.48, 0.485, 0.49, 0.495, 0.5, 0.505, 0.51, 0.515, 0.52, 0.525, 0.53, 0.535, 0.54, 0.545, 0.55, 0.555, 0.56, 0.565, 0.57, 0.575, 0.58, 0.585, 0.59, 0.595, 0.6, 0.605, 0.61, 0.615, 0.62, 0.625, 0.63, 0.635, 0.64, 0.645, 0.65, 0.655, 0.66, 0.665, 0.67, 0.675, 0.68, 0.685, 0.69, 0.695, 0.7, 0.705, 0.71, 0.715, 0.72, 0.725, 0.73, 0.735, 0.74, 0.745, 0.75, 0.755, 0.76, 0.765, 0.77, 0.775, 0.78, 0.785, 0.79, 0.795, 0.8, 0.805, 0.81, 0.815, 0.82, 0.825, 0.83, 0.835, 0.84, 0.845, 0.85, 0.855, 0.86, 0.865, 0.87, 0.875, 0.88, 0.885, 0.89, 0.895, 0.9, 0.905, 0.91, 0.915, 0.92, 0.925, 0.93, 0.935, 0.94, 0.945, 0.95, 0.955, 0.96, 0.965, 0.97, 0.975, 0.98, 0.985, 0.99, 0.995] 

